age sex rest_bp fast_bg ecg max_hr 
70	1	130	0	2	109
67	0	115	0	2	160
57	1	124	0	0	141
64	1	128	0	0	105
74	0	120	0	2	121
65	1	120	0	0	140
56	1	130	1	2	142
59	1	110	0	2	142
60	1	140	0	2	170
63	0	150	0	2	154
59	1	135	0	0	161
53	1	142	0	2	111
44	1	140	0	2	180
61	1	134	0	0	145
57	0	128	0	2	159
71	0	112	0	0	125
46	1	140	0	0	120
53	1	140	1	2	155
64	1	110	0	2	144
40	1	140	0	0	178
67	1	120	0	2	129
48	1	130	0	2	180
43	1	115	0	0	181
47	1	112	0	0	143
54	0	132	1	2	159
48	0	130	0	0	139
46	0	138	0	2	152
51	0	120	0	2	157
58	1	112	0	2	165
71	0	110	1	2	130
57	1	128	0	2	150
66	1	160	0	2	138
37	0	120	0	0	170
59	1	170	0	2	140
50	1	144	0	2	126
48	1	130	1	2	150
61	1	140	0	2	138
59	1	160	0	2	125
42	1	130	0	0	150
48	1	122	0	2	186
40	1	152	0	0	181
62	0	124	0	0	163
44	1	130	0	0	179
46	1	101	1	0	156
59	1	126	1	0	134
58	1	140	1	2	165
49	1	118	0	2	126
44	1	110	0	2	177
66	1	160	0	0	120
65	0	150	0	2	114
42	1	136	0	0	125
52	1	128	1	0	184
65	0	140	1	2	157
63	0	140	0	0	179
45	0	130	0	2	175
41	0	105	0	0	168
61	1	138	0	2	125
60	0	120	1	0	96
59	0	174	0	0	143
62	1	120	0	2	103
57	1	150	1	0	173
51	0	130	0	0	142
44	1	120	0	0	169
60	0	150	0	0	171
63	1	145	1	2	150
57	1	150	0	2	112
51	1	140	0	2	186
58	0	136	1	2	152
44	0	118	0	0	149
47	1	108	0	0	152
61	1	120	0	0	140
57	0	120	0	0	163
70	1	156	0	2	143
76	0	140	0	1	116
67	0	106	0	0	142
45	1	142	0	2	147
45	1	104	0	2	148
39	0	94	0	0	179
42	0	120	0	0	173
56	1	120	0	0	178
58	1	146	0	0	105
35	1	120	0	0	130
58	1	150	0	2	111
41	1	130	0	2	168
57	1	110	0	0	126
42	1	148	0	2	178
62	1	128	1	2	140
59	1	178	0	2	145
41	0	126	0	0	163
50	1	150	0	2	128
59	1	140	0	0	164
61	0	130	0	2	169
54	1	124	0	2	109
54	1	110	0	2	108
52	1	125	0	0	168
47	1	110	0	2	118
66	1	120	0	2	151
58	1	100	0	0	156
64	0	140	0	0	133
50	0	120	0	0	162
44	0	108	0	0	175
67	1	120	0	0	71
49	0	130	0	0	163
57	1	165	1	2	124
63	1	130	0	2	147
48	1	124	0	2	166
51	1	100	0	0	143
60	0	150	0	2	157
59	1	140	0	0	162
45	0	112	0	0	138
55	0	180	0	1	117
41	1	110	0	0	153
60	0	158	0	2	161
54	0	135	1	0	170
42	1	120	0	0	162
49	0	134	0	0	162
46	1	120	0	2	144
56	0	200	1	2	133
66	0	150	0	0	114
56	1	130	1	2	103
49	1	120	0	0	139
54	1	122	0	2	116
57	1	152	0	0	88
65	0	160	0	2	151
54	1	125	0	2	152
54	0	160	0	0	163
62	1	120	0	0	99
52	0	136	0	2	169
52	1	134	0	0	158
60	1	117	1	0	160
63	0	108	0	0	169
66	1	112	0	2	132
42	1	140	0	0	178
64	1	120	0	2	96
54	1	150	0	2	165
46	0	142	0	2	160
67	0	152	0	0	172
56	1	125	1	2	144
34	0	118	0	0	192
57	1	132	0	0	168
64	1	145	0	2	132
59	1	138	0	2	182
50	1	140	0	0	163
51	1	125	0	2	125
54	1	192	0	2	195
53	1	123	0	0	95
52	1	112	0	0	160
40	1	110	0	2	114
58	1	132	0	2	173
41	0	112	0	2	172
41	1	112	0	0	179
50	0	120	0	0	158
54	0	108	0	2	167
64	0	130	0	0	122
51	0	130	0	2	149
46	0	105	0	0	172
55	1	140	0	0	111
45	1	128	0	2	170
56	1	120	0	2	162
66	0	178	1	0	165
38	1	120	0	0	182
62	0	150	0	0	154
55	1	130	0	0	155
58	1	128	0	2	130
43	1	110	0	0	161
64	0	180	0	0	154
50	0	110	0	2	159
53	1	130	1	2	152
45	0	138	0	2	152
65	1	138	1	2	174
69	1	160	1	2	131
69	1	140	0	2	146
67	1	100	0	2	125
68	0	120	0	2	115
34	1	118	0	2	174
62	0	138	1	0	106
51	1	140	0	0	122
46	1	150	0	0	147
67	1	125	1	0	163
50	1	129	0	0	163
42	1	120	1	0	194
56	0	134	0	2	150
41	1	110	0	2	158
42	0	102	0	2	122
53	1	130	1	2	173
43	1	130	0	0	162
56	1	132	0	2	105
52	1	108	1	0	147
62	0	140	0	2	157
70	1	160	0	0	112
54	1	140	0	0	160
70	1	145	0	0	125
54	1	108	0	0	156
35	1	126	0	2	156
48	1	124	1	0	175
55	0	135	0	2	161
58	0	100	0	2	122
54	0	110	0	0	158
69	0	140	0	0	151
77	1	125	0	2	162
68	1	118	0	0	151
58	1	125	0	2	171
60	1	125	0	2	141
51	1	140	0	0	173
55	1	160	0	2	145
52	1	152	1	0	178
60	0	102	0	0	160
58	1	105	0	2	154
64	1	125	0	0	131
37	1	130	0	0	187
59	1	170	0	2	159
51	1	125	1	2	166
43	0	122	0	0	165
58	1	128	0	2	131
29	1	130	0	2	202
41	0	130	0	2	172
63	0	135	0	2	172
51	1	94	0	0	154
54	1	120	0	2	147
44	1	120	0	0	170
54	1	110	0	0	126
65	1	135	0	2	127
57	1	150	0	0	174
63	1	130	1	2	132
35	0	138	0	0	182
41	1	135	0	0	132
62	0	130	0	0	97
43	0	132	1	2	136
58	0	150	1	2	162
52	1	118	0	2	190
61	0	145	0	2	146
39	1	118	0	0	140
45	1	115	0	2	185
52	1	128	0	0	161
62	1	130	0	0	146
62	0	160	0	2	145
53	0	138	0	2	160
43	1	120	0	2	120
47	1	138	0	2	156
52	1	120	0	0	172
68	1	180	1	2	150
39	1	140	0	2	182
53	0	130	0	2	143
62	0	140	0	2	160
51	0	140	0	2	142
60	1	130	0	0	144
65	1	110	0	2	158
65	0	155	0	0	148
60	1	140	0	2	155
60	1	145	0	2	142
54	1	120	0	0	113
44	1	130	0	2	188
44	1	112	0	2	153
51	1	110	0	0	123
59	1	150	1	0	157
71	0	160	0	0	162
61	1	150	1	0	137
55	1	132	0	0	132
64	1	140	0	0	158
43	1	150	0	0	171
58	0	120	0	0	172
60	1	130	0	2	132
58	1	120	0	2	160
49	1	130	0	0	171
48	1	110	0	0	168
52	1	172	1	0	162
44	1	120	0	0	173
56	0	140	0	2	153
57	1	140	0	0	148
67	1	160	0	2	108
